// dataelement delete

select * from dataelement where name like '%(M1 form)%' order by dataelementid;

select * from dataelement where dataelementid in (498,499,500,501,2029,2030,2031,2032,2033,2034,2035,2036,2037,2038,2039,2040,2041,
2042,2043,2044,2045,2046,2047,2048,2049,2050,2051,2150,2151,2152,2153,2154,2155,2190,2199,114565,126442,126443,133012,133013,133014,
133015,133016,133017,133018,133023,133355,133356,133357,164377,164843,164844
);

delete from dataelement where dataelementid in (498,499,500,501,2029,2030,2031,2032,2033,2034,2035,2036,2037,2038,2039,2040,2041,
2042,2043,2044,2045,2046,2047,2048,2049,2050,2051,2150,2151,2152,2153,2154,2155,2190,2199,114565,126442,126443,133012,133013,133014,
133015,133016,133017,133018,133023,133355,133356,133357,164377,164843,164844
);

select * from datavalue where dataelementid in (498,499,500,501,2029,2030,2031,2032,2033,2034,2035,2036,2037,2038,2039,2040,2041,
2042,2043,2044,2045,2046,2047,2048,2049,2050,2051,2150,2151,2152,2153,2154,2155,2190,2199,114565,126442,126443,133012,133013,133014,
133015,133016,133017,133018,133023,133355,133356,133357,164377,164843,164844
);

delete from datavalue where dataelementid in (498,499,500,501,2029,2030,2031,2032,2033,2034,2035,2036,2037,2038,2039,2040,2041,
2042,2043,2044,2045,2046,2047,2048,2049,2050,2051,2150,2151,2152,2153,2154,2155,2190,2199,114565,126442,126443,133012,133013,133014,
133015,133016,133017,133018,133023,133355,133356,133357,164377,164843,164844
);

delete from datavalueaudit where dataelementid in (498,499,500,501,2029,2030,2031,2032,2033,2034,2035,2036,2037,2038,2039,2040,2041,
2042,2043,2044,2045,2046,2047,2048,2049,2050,2051,2150,2151,2152,2153,2154,2155,2190,2199,114565,126442,126443,133012,133013,133014,
133015,133016,133017,133018,133023,133355,133356,133357,164377,164843,164844
);

select * from datavalueaudit where dataelementid in (498,499,500,501,2029,2030,2031,2032,2033,2034,2035,2036,2037,2038,2039,2040,2041,
2042,2043,2044,2045,2046,2047,2048,2049,2050,2051,2150,2151,2152,2153,2154,2155,2190,2199,114565,126442,126443,133012,133013,133014,
133015,133016,133017,133018,133023,133355,133356,133357,164377,164843,164844
);


select * from reporttable_datadimensionitems where datadimensionitemid in ( 216935,216936,216937,216938,216941,217017,259851,
259852,259853,259854,259702,259703,259704,259813,248748,248749,248750,248751,259814,259815,259816,259817,259818,259819,259820,
259821,262540,262541,262544,262545,262549,262550,262555,262556
);


delete from  reporttable_datadimensionitems where datadimensionitemid in ( 216935,216936,216937,216938,216941,217017,259851,
259852,259853,259854,259702,259703,259704,259813,248748,248749,248750,248751,259814,259815,259816,259817,259818,259819,259820,
259821,262540,262541,262544,262545,262549,262550,262555,262556
);


delete from chart_datadimensionitems where datadimensionitemid in ( 216935,216936,216937,216938,216941,217017,259851,
259852,259853,259854,259702,259703,259704,259813,248748,248749,248750,248751,259814,259815,259816,259817,259818,259819,259820,
259821,262540,262541,262544,262545,262549,262550,262555,262556
);


select * from chart_datadimensionitems where datadimensionitemid in ( 216935,216936,216937,216938,216941,217017,259851,
259852,259853,259854,259702,259703,259704,259813,248748,248749,248750,248751,259814,259815,259816,259817,259818,259819,259820,
259821,262540,262541,262544,262545,262549,262550,262555,262556
);




delete from datadimensionitem where dataelementid in (498,499,500,501,2029,2030,2031,2032,2033,2034,2035,2036,2037,2038,2039,2040,2041,
2042,2043,2044,2045,2046,2047,2048,2049,2050,2051,2150,2151,2152,2153,2154,2155,2190,2199,114565,126442,126443,133012,133013,133014,
133015,133016,133017,133018,133023,133355,133356,133357,164377,164843,164844
);



select * from datadimensionitem where dataelementid in (498,499,500,501,2029,2030,2031,2032,2033,2034,2035,2036,2037,2038,2039,2040,2041,
2042,2043,2044,2045,2046,2047,2048,2049,2050,2051,2150,2151,2152,2153,2154,2155,2190,2199,114565,126442,126443,133012,133013,133014,
133015,133016,133017,133018,133023,133355,133356,133357,164377,164843,164844
);


select * from dataelementgroupmembers where dataelementid in (498,499,500,501,2029,2030,2031,2032,2033,2034,2035,2036,2037,2038,2039,2040,2041,
2042,2043,2044,2045,2046,2047,2048,2049,2050,2051,2150,2151,2152,2153,2154,2155,2190,2199,114565,126442,126443,133012,133013,133014,
133015,133016,133017,133018,133023,133355,133356,133357,164377,164843,164844
);

delete from dataelementgroupmembers where dataelementid in (498,499,500,501,2029,2030,2031,2032,2033,2034,2035,2036,2037,2038,2039,2040,2041,
2042,2043,2044,2045,2046,2047,2048,2049,2050,2051,2150,2151,2152,2153,2154,2155,2190,2199,114565,126442,126443,133012,133013,133014,
133015,133016,133017,133018,133023,133355,133356,133357,164377,164843,164844
);

select * from caseaggregationcondition where aggregationdataelementid in ( 498,499,500,501,2029,2030,2031,2032,2033,2034,2035,2036,2037,2038,2039,2040,2041,
2042,2043,2044,2045,2046,2047,2048,2049,2050,2051,2150,2151,2152,2153,2154,2155,2190,2199,114565,126442,126443,133012,133013,133014,
133015,133016,133017,133018,133023,133355,133356,133357,164377,164843,164844);

delete from caseaggregationcondition where aggregationdataelementid in ( 498,499,500,501,2029,2030,2031,2032,2033,2034,2035,2036,2037,2038,2039,2040,2041,
2042,2043,2044,2045,2046,2047,2048,2049,2050,2051,2150,2151,2152,2153,2154,2155,2190,2199,114565,126442,126443,133012,133013,133014,
133015,133016,133017,133018,133023,133355,133356,133357,164377,164843,164844);